{
  "nbformat": 4,
  "nbformat_minor": 0,
  "metadata": {
    "colab": {
      "provenance": [],
      "toc_visible": true,
      "authorship_tag": "ABX9TyO7RzL2oSgR1BJlyCgT3lr+",
      "include_colab_link": true
    },
    "kernelspec": {
      "name": "python3",
      "display_name": "Python 3"
    },
    "language_info": {
      "name": "python"
    },
    "accelerator": "GPU",
    "gpuClass": "standard"
  },
  "cells": [
    {
      "cell_type": "markdown",
      "metadata": {
        "id": "view-in-github",
        "colab_type": "text"
      },
      "source": [
        "<a href=\"https://colab.research.google.com/github/nimran79/Spark-recommender/blob/main/music_recommendation_system_with_PySpark.ipynb\" target=\"_parent\"><img src=\"https://colab.research.google.com/assets/colab-badge.svg\" alt=\"Open In Colab\"/></a>"
      ]
    },
    {
      "cell_type": "markdown",
      "source": [
        "# Initialize Google colab"
      ],
      "metadata": {
        "id": "WNZ7YMhz_IF7"
      }
    },
    {
      "cell_type": "code",
      "execution_count": 3,
      "metadata": {
        "colab": {
          "base_uri": "https://localhost:8080/"
        },
        "id": "jK6mztzr8zRD",
        "outputId": "6ef2f589-e8f3-430f-f1c5-fd6d69db0419"
      },
      "outputs": [
        {
          "output_type": "stream",
          "name": "stdout",
          "text": [
            "Mounted at /content/drive\n"
          ]
        }
      ],
      "source": [
        "import os\n",
        "from google.colab import drive\n",
        "drive.mount('/content/drive')"
      ]
    },
    {
      "cell_type": "code",
      "source": [
        "path = \"/content/drive/My Drive/Colab Notebooks/Dataset\"\n",
        "os.chdir(path)\n",
        "!ls"
      ],
      "metadata": {
        "colab": {
          "base_uri": "https://localhost:8080/"
        },
        "id": "hnJutWlQ-Jy0",
        "outputId": "b3750a16-f58c-48b2-c63e-da542816774d"
      },
      "execution_count": 4,
      "outputs": [
        {
          "output_type": "stream",
          "name": "stdout",
          "text": [
            "data_by_artist.csv  data_by_year.csv  data_w_genres.csv\n",
            "data_by_genres.csv  data.csv\n"
          ]
        }
      ]
    },
    {
      "cell_type": "markdown",
      "source": [
        "Install PySpark and JVM"
      ],
      "metadata": {
        "id": "tV6Y4g_D-99h"
      }
    },
    {
      "cell_type": "code",
      "source": [
        "!pip install pyspark"
      ],
      "metadata": {
        "colab": {
          "base_uri": "https://localhost:8080/"
        },
        "id": "zz8lORdc_p1r",
        "outputId": "4fa94783-95d7-470b-bdea-5d69239793cc"
      },
      "execution_count": 5,
      "outputs": [
        {
          "output_type": "stream",
          "name": "stdout",
          "text": [
            "Looking in indexes: https://pypi.org/simple, https://us-python.pkg.dev/colab-wheels/public/simple/\n",
            "Collecting pyspark\n",
            "  Downloading pyspark-3.3.1.tar.gz (281.4 MB)\n",
            "\u001b[K     |████████████████████████████████| 281.4 MB 40 kB/s \n",
            "\u001b[?25hCollecting py4j==0.10.9.5\n",
            "  Downloading py4j-0.10.9.5-py2.py3-none-any.whl (199 kB)\n",
            "\u001b[K     |████████████████████████████████| 199 kB 48.5 MB/s \n",
            "\u001b[?25hBuilding wheels for collected packages: pyspark\n",
            "  Building wheel for pyspark (setup.py) ... \u001b[?25l\u001b[?25hdone\n",
            "  Created wheel for pyspark: filename=pyspark-3.3.1-py2.py3-none-any.whl size=281845512 sha256=c1630f88520df5029aa51148e27af3b988442a65076cb0a8c5ac759f1c2b399d\n",
            "  Stored in directory: /root/.cache/pip/wheels/42/59/f5/79a5bf931714dcd201b26025347785f087370a10a3329a899c\n",
            "Successfully built pyspark\n",
            "Installing collected packages: py4j, pyspark\n",
            "Successfully installed py4j-0.10.9.5 pyspark-3.3.1\n"
          ]
        }
      ]
    },
    {
      "cell_type": "markdown",
      "source": [
        "# Create a Spark Session"
      ],
      "metadata": {
        "id": "3Ex8soom_r7b"
      }
    },
    {
      "cell_type": "code",
      "source": [
        "from pyspark.sql import SparkSession\n",
        "\n",
        "spark = SparkSession.builder\\\n",
        "        .master(\"local[2]\")\\\n",
        "        .appName(\"Music recommendation\")\\\n",
        "        .config('spark.ui.port', '4050')\\\n",
        "        .getOrCreate()"
      ],
      "metadata": {
        "id": "p3_728W1_p7z"
      },
      "execution_count": 6,
      "outputs": []
    },
    {
      "cell_type": "code",
      "source": [
        "# get spark context\n",
        "sc = spark.sparkContext"
      ],
      "metadata": {
        "id": "6wZxyQvrEgHM"
      },
      "execution_count": 53,
      "outputs": []
    },
    {
      "cell_type": "code",
      "source": [
        "spark"
      ],
      "metadata": {
        "colab": {
          "base_uri": "https://localhost:8080/",
          "height": 219
        },
        "id": "4AeOaCX5BQ6Z",
        "outputId": "df578b92-05be-45e9-f789-f785e17c9fb1"
      },
      "execution_count": 8,
      "outputs": [
        {
          "output_type": "execute_result",
          "data": {
            "text/plain": [
              "<pyspark.sql.session.SparkSession at 0x7f25f5abd850>"
            ],
            "text/html": [
              "\n",
              "            <div>\n",
              "                <p><b>SparkSession - in-memory</b></p>\n",
              "                \n",
              "        <div>\n",
              "            <p><b>SparkContext</b></p>\n",
              "\n",
              "            <p><a href=\"http://20400178bed3:4050\">Spark UI</a></p>\n",
              "\n",
              "            <dl>\n",
              "              <dt>Version</dt>\n",
              "                <dd><code>v3.3.1</code></dd>\n",
              "              <dt>Master</dt>\n",
              "                <dd><code>local[2]</code></dd>\n",
              "              <dt>AppName</dt>\n",
              "                <dd><code>Music recommendation</code></dd>\n",
              "            </dl>\n",
              "        </div>\n",
              "        \n",
              "            </div>\n",
              "        "
            ]
          },
          "metadata": {},
          "execution_count": 8
        }
      ]
    },
    {
      "cell_type": "markdown",
      "source": [
        "# Import Libraries"
      ],
      "metadata": {
        "id": "IpFZYoJfBscf"
      }
    },
    {
      "cell_type": "code",
      "source": [
        "from pyspark import SparkContext, SparkConf\n",
        "from pyspark.sql import SQLContext\n",
        "from pyspark.ml.feature import OneHotEncoder, StringIndexer, StandardScaler, VectorAssembler\n",
        "from pyspark.ml import Pipeline\n",
        "from pyspark.ml.stat import Correlation\n",
        "from pyspark.ml.linalg import Vectors\n",
        "from pyspark.sql.functions import rand, col, udf, lit\n",
        "from pyspark.mllib.evaluation import MulticlassMetrics"
      ],
      "metadata": {
        "id": "fiXEGjmvBvnb"
      },
      "execution_count": 38,
      "outputs": []
    },
    {
      "cell_type": "code",
      "source": [
        "import math\n",
        "import numpy as np\n",
        "import pandas as pd\n",
        "\n",
        "# visualization imports\n",
        "import seaborn as sns\n",
        "import matplotlib.pyplot as plt\n",
        "\n",
        "%matplotlib inline"
      ],
      "metadata": {
        "id": "12fUu8iFCf_k"
      },
      "execution_count": 10,
      "outputs": []
    },
    {
      "cell_type": "markdown",
      "source": [
        "# Load Data"
      ],
      "metadata": {
        "id": "zOcXYo3TCn0l"
      }
    },
    {
      "cell_type": "code",
      "source": [
        "data = spark.read.csv('data.csv',inferSchema=True, header =True)\n",
        "genre_data = spark.read.csv('data_by_genres.csv',inferSchema=True, header =True)\n",
        "year_data = spark.read.csv('data_by_year.csv',inferSchema=True, header =True)"
      ],
      "metadata": {
        "id": "TIdkRx3TF3xl"
      },
      "execution_count": 11,
      "outputs": []
    },
    {
      "cell_type": "markdown",
      "source": [
        "### Inspect the Data"
      ],
      "metadata": {
        "id": "M4pVMARIIlb9"
      }
    },
    {
      "cell_type": "code",
      "source": [
        "# description of data \n",
        "data.summary().show()"
      ],
      "metadata": {
        "colab": {
          "base_uri": "https://localhost:8080/"
        },
        "id": "ir3po7cRGYV9",
        "outputId": "17c9d95d-843e-40f7-d05c-138e7b0aab4c"
      },
      "execution_count": 11,
      "outputs": [
        {
          "output_type": "stream",
          "name": "stdout",
          "text": [
            "+-------+-------------------+------------------+-------------------+--------------------+--------------------+--------------------+--------------------+--------------------+--------------------+--------------------+------------------+--------------------+------------------+------------------+----------------------+------------------+--------------------+--------------------+--------------------+\n",
            "|summary|            valence|              year|       acousticness|             artists|        danceability|         duration_ms|              energy|            explicit|                  id|    instrumentalness|               key|            liveness|          loudness|              mode|                  name|        popularity|        release_date|         speechiness|               tempo|\n",
            "+-------+-------------------+------------------+-------------------+--------------------+--------------------+--------------------+--------------------+--------------------+--------------------+--------------------+------------------+--------------------+------------------+------------------+----------------------+------------------+--------------------+--------------------+--------------------+\n",
            "|  count|             170653|            170653|             170653|              170653|              170653|              170653|              170653|              170653|              170653|              170653|            170653|              170653|            170653|            170653|                170653|            170653|              170653|              170653|              170653|\n",
            "|   mean| 0.5285872111424912|1976.7872407751402| 0.5021147637066975|                null|  0.5376399623706496|  230404.35803151355|   533.2695398575881|  161.70884444251666|  15004.793020397106|   36.46453885074409| 20.30193715097516|  3.5752400090098937|-11.41701779561006| 7.381546734706372|              Infinity|31.543308377380132|  1929.7153378618452|   5.064387185348445|  118.22609112814116|\n",
            "| stddev|0.26317146398972113|25.917852564559176|0.37603172516204536|                null| 0.17595879531415576|    126366.512139151|  13500.957905213114|   6984.208811996222|   67448.47403485542|   3139.122131703406|2118.8428707897256|   981.3336826644372| 5.729826602416088|1867.3159688479006|                   NaN|  21.8032401297162|  253.43217825475125|    98.1212790096727|   67.00273009940197|\n",
            "|    min|                0.0|              1921|                0.0|\"[\"\"'In The Heigh...| \"\"Kamehameha Sch...| \"\"'Legally Blond...| \"\"Loughton High ...| \"\"Bobby D'Ambros...| \"\"Orchestra Sinf...| 'Benjamin Schrader'|    'Lewis Cleale'| 'Jason Michael S...|  'David Baxter']\"| 'Martina McBride'|         'Eric Church'|  'Jackson Browne'| \"\"L'amour est un...| 'Allman Brothers...|    'José Feliciano'|\n",
            "|    25%|              0.317|              1956|              0.102|                null|               0.416|            169547.0|               0.256|                 0.0|                 0.0|                 0.0|               2.0|              0.0987|           -14.583|               0.0|                   0.0|              12.0|              1946.0|              0.0349|              93.206|\n",
            "|    50%|               0.54|              1977|              0.516|                null|  0.5479999999999999|            207227.0|               0.473|                 0.0|                 0.0|             2.16E-4|               5.0|               0.136|           -10.549|               1.0|                   1.0|              34.0|              1961.0|               0.045|             114.639|\n",
            "|    75%|              0.747|              1999|              0.893|                null|  0.6679999999999999|            262160.0|               0.705|                 0.0|               0.246|               0.102|               8.0|               0.262|            -7.144|               1.0|                   1.0|              48.0|              1980.0|              0.0763|             135.558|\n",
            "|    max|                1.0|              2020|              0.996|          ['조정현']|               0.988|               99997|              974773|               82547|7zzuPsjj9L3M7ikqG...|               9e-06|          9.86e-06|            9.53e-06|                 9|                 9|텅 빈 마음 Empty Heart|             sunny|  Whipped into Shape|          You Did It|When Your Lover H...|\n",
            "+-------+-------------------+------------------+-------------------+--------------------+--------------------+--------------------+--------------------+--------------------+--------------------+--------------------+------------------+--------------------+------------------+------------------+----------------------+------------------+--------------------+--------------------+--------------------+\n",
            "\n"
          ]
        }
      ]
    },
    {
      "cell_type": "code",
      "source": [
        "# Features\n",
        "data.printSchema()"
      ],
      "metadata": {
        "colab": {
          "base_uri": "https://localhost:8080/"
        },
        "id": "OOgT3mOcHPcU",
        "outputId": "cc906ff8-63fb-4696-b18f-21f18cd3faf1"
      },
      "execution_count": 12,
      "outputs": [
        {
          "output_type": "stream",
          "name": "stdout",
          "text": [
            "root\n",
            " |-- valence: double (nullable = true)\n",
            " |-- year: integer (nullable = true)\n",
            " |-- acousticness: double (nullable = true)\n",
            " |-- artists: string (nullable = true)\n",
            " |-- danceability: string (nullable = true)\n",
            " |-- duration_ms: string (nullable = true)\n",
            " |-- energy: string (nullable = true)\n",
            " |-- explicit: string (nullable = true)\n",
            " |-- id: string (nullable = true)\n",
            " |-- instrumentalness: string (nullable = true)\n",
            " |-- key: string (nullable = true)\n",
            " |-- liveness: string (nullable = true)\n",
            " |-- loudness: string (nullable = true)\n",
            " |-- mode: string (nullable = true)\n",
            " |-- name: string (nullable = true)\n",
            " |-- popularity: string (nullable = true)\n",
            " |-- release_date: string (nullable = true)\n",
            " |-- speechiness: string (nullable = true)\n",
            " |-- tempo: string (nullable = true)\n",
            "\n"
          ]
        }
      ]
    },
    {
      "cell_type": "code",
      "source": [
        "# Convert some columns to int or double\n",
        "df = data.withColumn(\"danceability\",data.danceability.cast('double'))\n",
        "df = df.withColumn(\"duration_ms\",data.duration_ms.cast('double'))\n",
        "df = df.withColumn(\"energy\",data.energy.cast('double'))\n",
        "df = df.withColumn(\"explicit\",data.explicit.cast('int'))\n",
        "df = df.withColumn(\"instrumentalness\",data.instrumentalness.cast('double'))\n",
        "df = df.withColumn(\"key\",data.key.cast('int'))\n",
        "df = df.withColumn(\"liveness\",data.liveness.cast('double'))\n",
        "df = df.withColumn(\"loudness\",data.loudness.cast('double'))\n",
        "df = df.withColumn(\"mode\",data.mode.cast('int'))\n",
        "df = df.withColumn(\"popularity\",data.popularity.cast('int'))\n",
        "df = df.withColumn(\"speechiness\",data.speechiness.cast('double'))\n",
        "df = df.withColumn(\"tempo\",data.tempo.cast('double'))"
      ],
      "metadata": {
        "id": "oT8CkVCAW9sl"
      },
      "execution_count": 47,
      "outputs": []
    },
    {
      "cell_type": "code",
      "source": [
        "df.printSchema()"
      ],
      "metadata": {
        "colab": {
          "base_uri": "https://localhost:8080/"
        },
        "id": "IaFXNwBIYasP",
        "outputId": "e2b6fbde-2ec9-40b5-c660-3702b1a90735"
      },
      "execution_count": 48,
      "outputs": [
        {
          "output_type": "stream",
          "name": "stdout",
          "text": [
            "root\n",
            " |-- valence: double (nullable = true)\n",
            " |-- year: integer (nullable = true)\n",
            " |-- acousticness: double (nullable = true)\n",
            " |-- artists: string (nullable = true)\n",
            " |-- danceability: double (nullable = true)\n",
            " |-- duration_ms: double (nullable = true)\n",
            " |-- energy: double (nullable = true)\n",
            " |-- explicit: integer (nullable = true)\n",
            " |-- id: string (nullable = true)\n",
            " |-- instrumentalness: double (nullable = true)\n",
            " |-- key: integer (nullable = true)\n",
            " |-- liveness: double (nullable = true)\n",
            " |-- loudness: double (nullable = true)\n",
            " |-- mode: integer (nullable = true)\n",
            " |-- name: string (nullable = true)\n",
            " |-- popularity: integer (nullable = true)\n",
            " |-- release_date: string (nullable = true)\n",
            " |-- speechiness: double (nullable = true)\n",
            " |-- tempo: double (nullable = true)\n",
            "\n"
          ]
        }
      ]
    },
    {
      "cell_type": "code",
      "source": [
        "# Look at first 3 rows\n",
        "df.show(3)"
      ],
      "metadata": {
        "colab": {
          "base_uri": "https://localhost:8080/"
        },
        "id": "EpLfWEdTH4nG",
        "outputId": "e135c4f4-a1c9-49e8-b4ea-5e53a743030a"
      },
      "execution_count": 28,
      "outputs": [
        {
          "output_type": "stream",
          "name": "stdout",
          "text": [
            "+-------+----+------------+--------------------+------------------+-----------+------+--------+--------------------+----------------+---+--------+--------+----+--------------------+----------+------------+-----------+-----------------+\n",
            "|valence|year|acousticness|             artists|      danceability|duration_ms|energy|explicit|                  id|instrumentalness|key|liveness|loudness|mode|                name|popularity|release_date|speechiness|            tempo|\n",
            "+-------+----+------------+--------------------+------------------+-----------+------+--------+--------------------+----------------+---+--------+--------+----+--------------------+----------+------------+-----------+-----------------+\n",
            "| 0.0594|1921|       0.982|['Sergei Rachmani...|             0.279|   831667.0| 0.211|       0|4BJqT0PrAfrxzMOxy...|           0.878| 10|   0.665| -20.096|   1|Piano Concerto No...|         4|        1921|     0.0366|           80.954|\n",
            "|  0.963|1921|       0.732|      ['Dennis Day']|0.8190000000000001|   180533.0| 0.341|       0|7xPhfUan2yNtyFG0c...|             0.0|  7|    0.16| -12.441|   1|Clancy Lowered th...|         5|        1921|      0.415|60.93600000000001|\n",
            "| 0.0394|1921|       0.961|['KHP Kridhamarda...|             0.328|   500062.0| 0.166|       0|1o6I8BglA6ylDMrIE...|           0.913|  3|   0.101|  -14.85|   1|           Gati Bali|         5|        1921|     0.0339|          110.339|\n",
            "+-------+----+------------+--------------------+------------------+-----------+------+--------+--------------------+----------------+---+--------+--------+----+--------------------+----------+------------+-----------+-----------------+\n",
            "only showing top 3 rows\n",
            "\n"
          ]
        }
      ]
    },
    {
      "cell_type": "code",
      "source": [
        "# Look at first 3 rows\n",
        "genre_data.show(3)"
      ],
      "metadata": {
        "colab": {
          "base_uri": "https://localhost:8080/"
        },
        "id": "iYrkLVadIrA2",
        "outputId": "f6268e83-7d78-4f04-fa5e-80c9f6b72ceb"
      },
      "execution_count": 16,
      "outputs": [
        {
          "output_type": "stream",
          "name": "stdout",
          "text": [
            "+----+--------------------+------------------+-------------------+------------------+-------------------+------------------+--------+-------------------+-------------------+------------------+-------------------+-----------------+---+\n",
            "|mode|              genres|      acousticness|       danceability|       duration_ms|             energy|  instrumentalness|liveness|           loudness|        speechiness|             tempo|            valence|       popularity|key|\n",
            "+----+--------------------+------------------+-------------------+------------------+-------------------+------------------+--------+-------------------+-------------------+------------------+-------------------+-----------------+---+\n",
            "|   1|21st century clas...|0.9793333333333332|0.16288333333333335|160297.66666666663|0.07131666666666665|        0.60683367|  0.3616|-31.514333333333337|0.04056666666666667|           75.3365|0.10378333333333334|27.83333333333333|  6|\n",
            "|   1|               432hz|           0.49478| 0.2993333333333333| 1048887.333333333| 0.4506783333333333|0.4777616666666668|   0.131|            -16.854|0.07681666666666667|120.28566666666666|            0.22175|             52.5|  5|\n",
            "|   1|               8-bit|             0.762| 0.7120000000000001|          115177.0|              0.818|0.8759999999999999|   0.126|              -9.18|              0.047|           133.444|              0.975|             48.0|  7|\n",
            "+----+--------------------+------------------+-------------------+------------------+-------------------+------------------+--------+-------------------+-------------------+------------------+-------------------+-----------------+---+\n",
            "only showing top 3 rows\n",
            "\n"
          ]
        }
      ]
    },
    {
      "cell_type": "code",
      "source": [
        "# Look at first 3 rows\n",
        "year_data.show(3)"
      ],
      "metadata": {
        "colab": {
          "base_uri": "https://localhost:8080/"
        },
        "id": "L-jusg38Iukm",
        "outputId": "e64871ba-51f1-47f2-86f9-f6ca3a5e5e5e"
      },
      "execution_count": 17,
      "outputs": [
        {
          "output_type": "stream",
          "name": "stdout",
          "text": [
            "+----+----+------------------+------------------+------------------+-------------------+-------------------+------------------+-------------------+------------------+------------------+-------------------+-------------------+---+\n",
            "|mode|year|      acousticness|      danceability|       duration_ms|             energy|   instrumentalness|          liveness|           loudness|       speechiness|             tempo|            valence|         popularity|key|\n",
            "+----+----+------------------+------------------+------------------+-------------------+-------------------+------------------+-------------------+------------------+------------------+-------------------+-------------------+---+\n",
            "|   1|1921|0.8868960000000005|0.4185973333333336|260537.16666666663|0.23181513333333334|0.34487805886666656|           0.20571| -17.04866666666665|          0.073662|101.53149333333329|0.37932666666666665| 0.6533333333333333|  2|\n",
            "|   1|1922|0.9385915492957748|0.4820422535211267|165469.74647887325|0.23781535211267596| 0.4341948697183099|0.2407197183098592|-19.275281690140844|0.1166549295774648|100.88452112676056| 0.5355492957746479|0.14084507042253522| 10|\n",
            "|   1|1923|0.9572467913513516|0.5773405405405401|177942.36216216214| 0.2624064864864865|0.37173272502702703|0.2274621621621621|-14.129210810810811|0.0939486486486487| 114.0107297297297| 0.6254924324324328|  5.389189189189189|  0|\n",
            "+----+----+------------------+------------------+------------------+-------------------+-------------------+------------------+-------------------+------------------+------------------+-------------------+-------------------+---+\n",
            "only showing top 3 rows\n",
            "\n"
          ]
        }
      ]
    },
    {
      "cell_type": "markdown",
      "source": [
        "# Exploratory Data Analysis"
      ],
      "metadata": {
        "id": "urI5NkHgJKfY"
      }
    },
    {
      "cell_type": "markdown",
      "source": [
        "### Correlation Matrix"
      ],
      "metadata": {
        "id": "Rto3GWMBxrrh"
      }
    },
    {
      "cell_type": "markdown",
      "source": [
        "We are going to check the correlation between different features."
      ],
      "metadata": {
        "id": "1ctb7p3NVNvG"
      }
    },
    {
      "cell_type": "code",
      "source": [
        "# dropping string columns for calculating correlation\n",
        "df2 = df.drop(\"artists\",\"id\",\"name\",\"release_date\")\n",
        "df2.printSchema()"
      ],
      "metadata": {
        "colab": {
          "base_uri": "https://localhost:8080/"
        },
        "id": "sl8wTyIZVFN2",
        "outputId": "b7eb2f1d-de84-437c-d1bb-0f7a9b48f3c5"
      },
      "execution_count": 127,
      "outputs": [
        {
          "output_type": "stream",
          "name": "stdout",
          "text": [
            "root\n",
            " |-- valence: double (nullable = true)\n",
            " |-- year: integer (nullable = true)\n",
            " |-- acousticness: double (nullable = true)\n",
            " |-- danceability: double (nullable = true)\n",
            " |-- duration_ms: double (nullable = true)\n",
            " |-- energy: double (nullable = true)\n",
            " |-- explicit: integer (nullable = true)\n",
            " |-- instrumentalness: double (nullable = true)\n",
            " |-- key: integer (nullable = true)\n",
            " |-- liveness: double (nullable = true)\n",
            " |-- loudness: double (nullable = true)\n",
            " |-- mode: integer (nullable = true)\n",
            " |-- popularity: integer (nullable = true)\n",
            " |-- speechiness: double (nullable = true)\n",
            " |-- tempo: double (nullable = true)\n",
            "\n"
          ]
        }
      ]
    },
    {
      "cell_type": "code",
      "source": [
        "df2.show(3)"
      ],
      "metadata": {
        "colab": {
          "base_uri": "https://localhost:8080/"
        },
        "id": "HKSr5VjXovd9",
        "outputId": "3c261f31-53f7-4455-b8b8-13804804fd75"
      },
      "execution_count": 128,
      "outputs": [
        {
          "output_type": "stream",
          "name": "stdout",
          "text": [
            "+-------+----+------------+------------------+-----------+------+--------+----------------+---+--------+--------+----+----------+-----------+-----------------+\n",
            "|valence|year|acousticness|      danceability|duration_ms|energy|explicit|instrumentalness|key|liveness|loudness|mode|popularity|speechiness|            tempo|\n",
            "+-------+----+------------+------------------+-----------+------+--------+----------------+---+--------+--------+----+----------+-----------+-----------------+\n",
            "| 0.0594|1921|       0.982|             0.279|   831667.0| 0.211|       0|           0.878| 10|   0.665| -20.096|   1|         4|     0.0366|           80.954|\n",
            "|  0.963|1921|       0.732|0.8190000000000001|   180533.0| 0.341|       0|             0.0|  7|    0.16| -12.441|   1|         5|      0.415|60.93600000000001|\n",
            "| 0.0394|1921|       0.961|             0.328|   500062.0| 0.166|       0|           0.913|  3|   0.101|  -14.85|   1|         5|     0.0339|          110.339|\n",
            "+-------+----+------------+------------------+-----------+------+--------+----------------+---+--------+--------+----+----------+-----------+-----------------+\n",
            "only showing top 3 rows\n",
            "\n"
          ]
        }
      ]
    },
    {
      "cell_type": "code",
      "source": [
        "assembler =  VectorAssembler(inputCols=df2.columns, outputCol= \"corr-features\")"
      ],
      "metadata": {
        "id": "5BL4exDRbSer"
      },
      "execution_count": 129,
      "outputs": []
    },
    {
      "cell_type": "code",
      "source": [
        "#df2_vector = assembler.transform(df2).select(\"corr-features\")\n",
        "df2_vector = assembler.setHandleInvalid(\"skip\").transform(df2).select(\"corr-features\")"
      ],
      "metadata": {
        "id": "G1FIu9-Ubs6s"
      },
      "execution_count": 130,
      "outputs": []
    },
    {
      "cell_type": "code",
      "source": [
        "df2_vector.select(\"corr-features\").show(truncate=False)"
      ],
      "metadata": {
        "id": "SIaVyJfJri1c"
      },
      "execution_count": null,
      "outputs": []
    },
    {
      "cell_type": "code",
      "source": [
        "pearsonCorr = Correlation.corr(df2_vector, \"corr-features\").collect()[0][0]\n",
        "corr_matrix = pearsonCorr.toArray().tolist()\n",
        "#print(corr_matrix)"
      ],
      "metadata": {
        "colab": {
          "base_uri": "https://localhost:8080/"
        },
        "id": "OANT-9v-ecl2",
        "outputId": "8d47f3d6-3276-48d9-f2e9-cbe10ed5959c"
      },
      "execution_count": 133,
      "outputs": [
        {
          "output_type": "stream",
          "name": "stdout",
          "text": [
            "[[1.0, -0.03541654944128016, -0.17672976884999778, 0.5546943914354214, -0.191693718249267, 0.3483644596884207, -0.021159774979756026, -0.19935338829441576, 0.028294021941997483, 0.0046212639000724675, 0.3082344520413005, 0.015989306551325307, 0.005276649891261011, 0.04489805716384784, 0.1689615119878607], [-0.03541654944128016, 1.0, -0.6124592072403682, 0.1836196630178344, 0.08137051736397563, 0.5285137440708516, 0.21975886662852212, -0.2747450488487442, 0.006975811893526693, -0.05633955343518271, 0.48711215118267387, -0.03225146873188148, 0.8617760694827559, -0.1695598097941896, 0.13887194185254645], [-0.17672976884999778, -0.6124592072403682, 1.0, -0.26054899778124946, -0.07831172959283116, -0.7478802615746392, -0.24487490502945003, 0.3322663880518377, -0.020058439164729373, -0.02601189453536344, -0.5598325569083672, 0.046986045606242914, -0.570049633753811, -0.04322806705679614, -0.20511348642253824], [0.5546943914354214, 0.1836196630178344, -0.26054899778124946, 1.0, -0.13874281216795153, 0.21542790787049218, 0.24097263955891265, -0.27864820146667574, 0.024517475128676625, -0.10037478793512616, 0.2793793778894696, -0.0459869716212242, 0.1933305801610992, 0.2347996919917576, -0.002572249210798378], [-0.191693718249267, 0.08137051736397563, -0.07831172959283116, -0.13874281216795153, 1.0, 0.04388357129450077, -0.04926808165048827, 0.08389171943246565, -0.004438830804478476, 0.048807598451223136, -0.0024848722971015534, -0.04711049839453465, 0.0610746503057915, -0.08435115266316598, -0.02438092335748924], [0.3483644596884207, 0.5285137440708516, -0.7478802615746392, 0.21542790787049218, 0.04388357129450077, 1.0, 0.13118254130999799, -0.2830775791443567, 0.02735722568885538, 0.1279078676813145, 0.7816395209284984, -0.03907327804009984, 0.4819121935956832, -0.07207435175107856, 0.24932122699256], [-0.021159774979756026, 0.21975886662852212, -0.24487490502945003, 0.24097263955891265, -0.04926808165048827, 0.13118254130999799, 1.0, -0.14132386838173205, 0.005509177366507089, 0.04038051021828544, 0.13894444445328583, -0.0789162737453249, 0.190228737787882, 0.41474061923445465, 0.011183613605708593], [-0.19935338829441576, -0.2747450488487442, 0.3322663880518377, -0.27864820146667574, 0.08389171943246565, -0.2830775791443567, -0.14132386838173205, 1.0, -0.015021080460662539, -0.04650231628041905, -0.4106889285446623, -0.036407918851599406, -0.2997882067536245, -0.12129402605599965, -0.10613882826929939], [0.028294021941997483, 0.006975811893526693, -0.020058439164729373, 0.024517475128676625, -0.004438830804478476, 0.02735722568885538, 0.005509177366507089, -0.015021080460662539, 1.0, 0.00020585946724060997, 0.017314809885555033, -0.11671787886669907, 0.007169842009133139, 0.023893238466655867, 0.0024531086386218957], [0.0046212639000724675, -0.05633955343518271, -0.02601189453536344, -0.10037478793512616, 0.048807598451223136, 0.1279078676813145, 0.04038051021828544, -0.04650231628041905, 0.00020585946724060997, 1.0, 0.05728266023110119, 0.0023675771283117797, -0.07545790075888673, 0.1351290702999517, 0.008443959013583776], [0.3082344520413005, 0.48711215118267387, -0.5598325569083672, 0.2793793778894696, -0.0024848722971015534, 0.7816395209284984, 0.13894444445328583, -0.4106889285446623, 0.017314809885555033, 0.05728266023110119, 1.0, -0.010693888357873702, 0.45509613417042655, -0.1411728611722951, 0.2084898689572738], [0.015989306551325307, -0.03225146873188148, 0.046986045606242914, -0.0459869716212242, -0.04711049839453465, -0.03907327804009984, -0.0789162737453249, -0.036407918851599406, -0.11671787886669907, 0.0023675771283117797, -0.010693888357873702, 1.0, -0.028666828994160863, -0.057997048292244315, 0.012392904229580027], [0.005276649891261011, 0.8617760694827559, -0.570049633753811, 0.1933305801610992, 0.0610746503057915, 0.4819121935956832, 0.190228737787882, -0.2997882067536245, 0.007169842009133139, -0.07545790075888673, 0.45509613417042655, -0.028666828994160863, 1.0, -0.17408091888634747, 0.13063999925317787], [0.04489805716384784, -0.1695598097941896, -0.04322806705679614, 0.2347996919917576, -0.08435115266316598, -0.07207435175107856, 0.41474061923445465, -0.12129402605599965, 0.023893238466655867, 0.1351290702999517, -0.1411728611722951, -0.057997048292244315, -0.17408091888634747, 1.0, -0.012142058866218589], [0.1689615119878607, 0.13887194185254645, -0.20511348642253824, -0.002572249210798378, -0.02438092335748924, 0.24932122699256, 0.011183613605708593, -0.10613882826929939, 0.0024531086386218957, 0.008443959013583776, 0.2084898689572738, 0.012392904229580027, 0.13063999925317787, -0.012142058866218589, 1.0]]\n"
          ]
        }
      ]
    },
    {
      "cell_type": "code",
      "source": [
        "df2_corr = spark.createDataFrame(corr_matrix, df2.columns)\n",
        "df2_corr.show()"
      ],
      "metadata": {
        "colab": {
          "base_uri": "https://localhost:8080/"
        },
        "id": "fWdI0ikUw-2y",
        "outputId": "fed16c9e-db14-4d2b-9200-63b990b91065"
      },
      "execution_count": 134,
      "outputs": [
        {
          "output_type": "stream",
          "name": "stdout",
          "text": [
            "+--------------------+--------------------+--------------------+--------------------+--------------------+--------------------+--------------------+--------------------+--------------------+--------------------+--------------------+--------------------+--------------------+--------------------+--------------------+\n",
            "|             valence|                year|        acousticness|        danceability|         duration_ms|              energy|            explicit|    instrumentalness|                 key|            liveness|            loudness|                mode|          popularity|         speechiness|               tempo|\n",
            "+--------------------+--------------------+--------------------+--------------------+--------------------+--------------------+--------------------+--------------------+--------------------+--------------------+--------------------+--------------------+--------------------+--------------------+--------------------+\n",
            "|                 1.0|-0.03541654944128016|-0.17672976884999778|  0.5546943914354214|  -0.191693718249267|  0.3483644596884207|-0.02115977497975...|-0.19935338829441576|0.028294021941997483|0.004621263900072...|  0.3082344520413005|0.015989306551325307|0.005276649891261011| 0.04489805716384784|  0.1689615119878607|\n",
            "|-0.03541654944128016|                 1.0| -0.6124592072403682|  0.1836196630178344| 0.08137051736397563|  0.5285137440708516| 0.21975886662852212| -0.2747450488487442|0.006975811893526693|-0.05633955343518271| 0.48711215118267387|-0.03225146873188148|  0.8617760694827559| -0.1695598097941896| 0.13887194185254645|\n",
            "|-0.17672976884999778| -0.6124592072403682|                 1.0|-0.26054899778124946|-0.07831172959283116| -0.7478802615746392|-0.24487490502945003|  0.3322663880518377|-0.02005843916472...|-0.02601189453536344| -0.5598325569083672|0.046986045606242914|  -0.570049633753811|-0.04322806705679614|-0.20511348642253824|\n",
            "|  0.5546943914354214|  0.1836196630178344|-0.26054899778124946|                 1.0|-0.13874281216795153| 0.21542790787049218| 0.24097263955891265|-0.27864820146667574|0.024517475128676625|-0.10037478793512616|  0.2793793778894696| -0.0459869716212242|  0.1933305801610992|  0.2347996919917576|-0.00257224921079...|\n",
            "|  -0.191693718249267| 0.08137051736397563|-0.07831172959283116|-0.13874281216795153|                 1.0| 0.04388357129450077|-0.04926808165048827| 0.08389171943246565|-0.00443883080447...|0.048807598451223136|-0.00248487229710...|-0.04711049839453465|  0.0610746503057915|-0.08435115266316598|-0.02438092335748924|\n",
            "|  0.3483644596884207|  0.5285137440708516| -0.7478802615746392| 0.21542790787049218| 0.04388357129450077|                 1.0| 0.13118254130999799| -0.2830775791443567| 0.02735722568885538|  0.1279078676813145|  0.7816395209284984|-0.03907327804009984|  0.4819121935956832|-0.07207435175107856|    0.24932122699256|\n",
            "|-0.02115977497975...| 0.21975886662852212|-0.24487490502945003| 0.24097263955891265|-0.04926808165048827| 0.13118254130999799|                 1.0|-0.14132386838173205|0.005509177366507089| 0.04038051021828544| 0.13894444445328583| -0.0789162737453249|   0.190228737787882| 0.41474061923445465|0.011183613605708593|\n",
            "|-0.19935338829441576| -0.2747450488487442|  0.3322663880518377|-0.27864820146667574| 0.08389171943246565| -0.2830775791443567|-0.14132386838173205|                 1.0|-0.01502108046066...|-0.04650231628041905| -0.4106889285446623|-0.03640791885159...| -0.2997882067536245|-0.12129402605599965|-0.10613882826929939|\n",
            "|0.028294021941997483|0.006975811893526693|-0.02005843916472...|0.024517475128676625|-0.00443883080447...| 0.02735722568885538|0.005509177366507089|-0.01502108046066...|                 1.0|2.058594672406099...|0.017314809885555033|-0.11671787886669907|0.007169842009133139|0.023893238466655867|0.002453108638621...|\n",
